Version4 Performance - Dataset 1
============================================================
True change points: 968
PR AUC: 0.1855

 threshold   recall  precision  num_detected
       0.0 0.912190   0.296907          2974
       1.0 0.890496   0.327259          2634
       2.0 0.866736   0.362732          2313
       3.0 0.841942   0.401478          2030
       4.0 0.816116   0.439133          1799
       5.0 0.788223   0.474502          1608
       6.0 0.759298   0.514346          1429
       7.0 0.735537   0.556250          1280
       8.0 0.710744   0.593615          1159
       9.0 0.688017   0.622430          1070
      10.0 0.660124   0.650051           983
      11.0 0.639463   0.684735           904
      12.0 0.618802   0.713945           839
      13.0 0.604339   0.734925           796
      14.0 0.588843   0.760000           750
      15.0 0.570248   0.782979           705